function y = fcnfeet2m()
y = 0.304799999536704; %feet to meters


